list(y = c(6, 13, 18, 28, 52, 53, 61, 60), 
     n = c(59, 60, 62, 56, 63, 59, 62, 60), 
     x = c(1.69, 1.72, 1.75, 1.78, 1.81, 1.83, 1.86, 1.88), 
    N = 8 )

